r6 --Cry Baby--

idle
Head,0,0,0,1,-100,0,0,1,1,0,0,1,0,-20,0.5,2,0,0,0,1,180,20,1,2,RightArm,1.4,0,0,1,190,0,0,1,0.8,0.2,0.5,2,-30,5,0.5,2,-0.6,0,0,1,-40,-20,0.5,2,RightLeg,0.45,0,0,1,20,10,0,2,-1.1,-0.05,0,2,-5,0,0,1,0.5,0,0,1,5,0,0,1,LeftArm,-1.4,0,0,1,190,0,0,1,0.8,-0.3,0.5,2,30,5,0.5,2,-0.6,0,0,1,40,-20,0.5,2,LeftLeg,-0.45,0,0,1,20,-10,0,2,-1.1,0.05,0,2,5,0,0,1,0.5,0,0,1,-5,0,0,1,Torso,0,0.2,0,2,-110,0,0,1,-0.2,0,0,1,0,10,0,2,0.3,0,0,1,180,-20,0,2

run
Head,0,0,0,2,-60,20,0.5,20,1,0,0,2,0,-20,0.4,10,0,0,0,2,180,20,0.4,10,RightArm,1.6,0,0,2,-40,20,0.4,20,0.1,-0.2,0.4,20,-30,-10,0.5,20,0.2,0,0,2,20,-20,0.5,10,RightLeg,0.5,0,0,2,-20,70,0.4,10,-0.8,0.3,0,10,0,10,0,10,0.3,-0.4,0.5,10,5,-10a,0,10,LeftArm,-1.6,0,0,2,-40,20,0.4,20,0.1,-0.2,0.4,20,30,10,0.5,20,0.2,0,0,2,-20,-20,0.5,10,LeftLeg,-0.5,0,0,2,-20,-70,0.4,10,-0.8,-0.3,0,10,0,10,0,10,0.3,0.4,0.5,10,-5,-10a,0,10,Torso,0,-0.2,0,10,-80,-10,0.4,20,0,0.2,0,20,0,-10,0,10,0,0.3,0,20,180,-10,0,10

jump
Head,0,0,0,2,-80,0,0,2,1,0,0,2,0,-20,0.25,4,0,0,0,2,180,20,0.5,4,RightArm,1.4,0,0,2,190,0,0,2,0.8,0.2,0.25,4,-30,5,0.25,4,-0.6,0,0,2,-40,-20,0.25,4,RightLeg,0.45,0,0,2,-20,10,0,4,-1.1,-0.05,0,4,-5,0,0,2,0.5,0,0,2,5,0,0,2,LeftArm,-1.4,0,0,2,190,0,0,2,0.8,-0.3,0.25,4,30,5,0.25,4,-0.6,0,0,2,40,-20,0.25,4,LeftLeg,-0.45,0,0,2,-20,-10,0,4,-1.1,0.05,0,4,5,0,0,2,0.5,0,0,2,-5,0,0,2,Torso,0,0.2,0,4,-70,0,0,2,0.1,0,0,2,0,10,0,4,0.3,0,0,2,180,-20,0,4

fall
Head,0,0,0,4,-120,0,0,4,1,0,0,4,0,-20,0.125,8,0,0,0,4,180,20,0.25,8,RightArm,1.4,0,0,4,190,0,0,4,0.6,0.2,0.125,8,-30,5,0.125,8,-0.8,0,0,4,-40,-20,0.125,8,RightLeg,0.45,0,0,4,40,10,0,8,-1.1,-0.05,0,8,-5,0,0,4,0.5,0,0,4,5,0,0,4,LeftArm,-1.4,0,0,4,190,0,0,4,0.6,-0.3,0.125,8,30,5,0.125,8,-0.8,0,0,4,40,-20,0.125,8,LeftLeg,-0.45,0,0,4,40,-10,0,8,-1.1,0.05,0,8,5,0,0,4,0.5,0,0,4,-5,0,0,4,Torso,0,0.2,0,8,-130,0,0,4,0.1,0,0,4,0,10,0,8,0.3,0,0,4,180,-20,0,8

WHAAAaaa!
Head,0,0,0,8,-70,-30,0.1,16,1,0,0,8,0,20,0,64,0,0,0,8,180,100,0,64,RightArm,1.4,0.6,0,32,0,0,0,8,0.5,0,0,8,30,-130,0,32,-0.5,0.6,0,32,130,0,0,8,RightLeg,0.5,0,0,8,0,90,0,32,-1,-0.5,0,32,0,0,0,8,0.5,-0.6,0.025,32,10,0,0,8,LeftArm,-1.4,0.6,0,32,0,0,0,8,0.5,0,0,8,-30,-130,0,32,-0.5,-0.6,0,32,-130,0,0,8,LeftLeg,-0.5,0,0,8,0,-90,0,32,-1,0,0,40,0,0,0,8,0.5,0.6,0.025,32,-10,0,0,8,Torso,0,-0.5,0,8,0,0,0,8,-2.25,-0.25,0.1,16,0,0,0,8,0,0,0,8,180,45,0,8
