🟪🟣💜 solvex's anims :D 💜🟣🟪
⚠️THESE ARE ALL MW_ANIMATOR SAVES⚠️

6run_01 (idk)

Head,0,0,0,1,-80,10,4,20,1,0,0,1,0,-5,1,10,0,0,0,1,180,20,0,10,RightLeg,0.5,0,0,1,0,70,0,10,-0.9,0.3,2,10,0,20,0,10,0,0.3,1,10,0,-5,0,10,RightArm,1.5,0.3,0,10,20,-70,0,10,0.5,-0.5,0,10,0,-40,0,10,-0.3,0.2,0,10,10,20,0,10,LeftArm,-1.5,0.3,0,10,20,70,0,10,0.5,0.5,0,10,0,-40,0,10,-0.3,-0.2,0,10,-10,20,0,10,Torso,0,0,0,1,-110,5,1,20,-0.1,-0.3,0,20,0,-5,2,10,0,0.2,1,20,180,-20,0,10,LeftLeg,-0.5,0,0,1,0,-70,0,10,-0.9,-0.3,2,10,0,20,0,10,0,-0.3,1,10,0,-5,0,10

sigma crowbar 18363323865

RightArm,1,0,0,2,110,10,1,20,0.8,0.2,0,20,80,-10,0,10,0,-0.2,0.5,10,90,-20,0,10,LeftArm,-1,0,0,2,100,40,0.4,10,0.3,-0.2,0.5,20,-100,20,0.4,10,0,-0.5,0.4,10,90,40,0,10,Torso,0,0,0,2,-80,5,0.5,20,0,0.2,0,20,0,10,0.4,10,0,-0.2,0.5,20,180,10,0,10,LeftLeg,-1,0,0,2,-110,-60,0.4,10,-0.9,-0.2,0,10,-85,-10,0.4,10,-0.3,0.4,0.5,10,-90,0,0,2,Head,0,0,0,2,-100,5,1,20,1,0,0,2,0,-10,0.5,10,0,0,0,2,180,-10,0,10,RightLeg,1,0,0,2,-110,60,0.4,10,-0.9,0.2,0,10,85,-10,0.4,10,-0.3,-0.4,0.5,10,90,0,0,2,NewAccessory(07/06/2418:32:10)_Handle,-0.08399999886751175,0,0,2,178,0,0,2,1.9500000476837158,0,0,2,0,0,0,2,-0.1850000023841858,0,0,2,-180,0,0,2

lowkey idfk what this is
RightArm,1.5,0,0,1,200,10,1.5,3,0.4,0,0,1,-30,0,1.5,3,-0.7,-0.2,1.5,3,-40,0,0,1
,RightLeg,0.3,-0.1,0,1.5,10,-10,0,3,-1,0.1,0,3,-30,0,0,1,0,-0.2,0,3,0,10,0,1.5,Torso,0,0.2,1,1.5,-100,-5,1,3,-0.2,0.1,0,3,0,5,1,1.5,0,-0.2,1,3,150,0,0,1,Head,0,0,0,1,-100,5,1.5,3,1,0,0,1,20,0,0,1,0,0,0,1,180,20,0,6,LeftLeg,-0.6,-0.1,1,1.5,-5,-5,1,3,-0.8,-0.2,0,3,20,0,0,1,-0.3,-0.2,1,3,-10,5,1,1.5,LeftArm,-1.3,-0.1,0,3,70,10,1.5,3,0.7,0.1,0,3,-30,10,0,3,0,0.2,0,3,-30,5,0,1.5

generic idle ig
LeftArm,-1,0,0,1,140,0,0,1,0.3,0.2,0,3,-110,10,0.3,3,0,0,0,1,140,0,0,1,RightLeg,1.1,0.1,0,3,150,7,0,3,-0.9,0,0,3,120,-3,0,3,0,0.2,0,3,-160,0,0,1,Torso,0,0,0,1,-90,0,0,1,-0.15,0.1,0,3,0,0,0,1,0,0,0,1,160,0,0,1,RightArm,1,0,0,1,140,0,0,3,0.3,0.2,0,3,110,-10,0.3,3,0,0,0,1,-140,,0,3,Head,0,0,0,1,-100,-5,0.3,3,1,0,0,1,5,5,1.3,3,0,0,0,1,200,0,0,1,LeftLeg,-1,0,0,1,160,7,0,3,-0.9,0,0,3,-110,0,0,3,0,0.2,0,3,170,0,0,1
