🟪🟣💜 solvex's anims :D 💜🟣🟪
⚠️THESE ARE ALL MW_ANIMATOR SAVES⚠️

6run_01 (idk)

Head,0,0,0,1,-80,10,4,20,1,0,0,1,0,-5,1,10,0,0,0,1,180,20,0,10,RightLeg,0.5,0,0,1,0,70,0,10,-0.9,0.3,2,10,0,20,0,10,0,0.3,1,10,0,-5,0,10,RightArm,1.5,0.3,0,10,20,-70,0,10,0.5,-0.5,0,10,0,-40,0,10,-0.3,0.2,0,10,10,20,0,10,LeftArm,-1.5,0.3,0,10,20,70,0,10,0.5,0.5,0,10,0,-40,0,10,-0.3,-0.2,0,10,-10,20,0,10,Torso,0,0,0,1,-110,5,1,20,-0.1,-0.3,0,20,0,-5,2,10,0,0.2,1,20,180,-20,0,10,LeftLeg,-0.5,0,0,1,0,-70,0,10,-0.9,-0.3,2,10,0,20,0,10,0,-0.3,1,10,0,-5,0,10

sigma crowbar 18363323865

RightArm,1,0,0,2,110,10,1,20,0.8,0.2,0,20,80,-10,0,10,0,-0.2,0.5,10,90,-20,0,10,LeftArm,-1,0,0,2,100,40,0.4,10,0.3,-0.2,0.5,20,-100,20,0.4,10,0,-0.5,0.4,10,90,40,0,10,Torso,0,0,0,2,-80,5,0.5,20,0,0.2,0,20,0,10,0.4,10,0,-0.2,0.5,20,180,10,0,10,LeftLeg,-1,0,0,2,-110,-60,0.4,10,-0.9,-0.2,0,10,-85,-10,0.4,10,-0.3,0.4,0.5,10,-90,0,0,2,Head,0,0,0,2,-100,5,1,20,1,0,0,2,0,-10,0.5,10,0,0,0,2,180,-10,0,10,RightLeg,1,0,0,2,-110,60,0.4,10,-0.9,0.2,0,10,85,-10,0.4,10,-0.3,-0.4,0.5,10,90,0,0,2,NewAccessory(07/06/2418:32:10)_Handle,-0.08399999886751175,0,0,2,178,0,0,2,1.9500000476837158,0,0,2,0,0,0,2,-0.1850000023841858,0,0,2,-180,0,0,2


r6 --Cry Baby--

idle
Head,0,0,0,1,-100,0,0,1,1,0,0,1,0,-20,0.5,2,0,0,0,1,180,20,1,2,RightArm,1.4,0,0,1,190,0,0,1,0.8,0.2,0.5,2,-30,5,0.5,2,-0.6,0,0,1,-40,-20,0.5,2,RightLeg,0.45,0,0,1,20,10,0,2,-1.1,-0.05,0,2,-5,0,0,1,0.5,0,0,1,5,0,0,1,LeftArm,-1.4,0,0,1,190,0,0,1,0.8,-0.3,0.5,2,30,5,0.5,2,-0.6,0,0,1,40,-20,0.5,2,LeftLeg,-0.45,0,0,1,20,-10,0,2,-1.1,0.05,0,2,5,0,0,1,0.5,0,0,1,-5,0,0,1,Torso,0,0.2,0,2,-110,0,0,1,-0.2,0,0,1,0,10,0,2,0.3,0,0,1,180,-20,0,2

run
Head,0,0,0,2,-60,20,0.5,20,1,0,0,2,0,-20,0.4,10,0,0,0,2,180,20,0.4,10,RightArm,1.6,0,0,2,-40,20,0.4,20,0.1,-0.2,0.4,20,-30,-10,0.5,20,0.2,0,0,2,20,-20,0.5,10,RightLeg,0.5,0,0,2,-20,70,0.4,10,-0.8,0.3,0,10,0,10,0,10,0.3,-0.4,0.5,10,5,-10a,0,10,LeftArm,-1.6,0,0,2,-40,20,0.4,20,0.1,-0.2,0.4,20,30,10,0.5,20,0.2,0,0,2,-20,-20,0.5,10,LeftLeg,-0.5,0,0,2,-20,-70,0.4,10,-0.8,-0.3,0,10,0,10,0,10,0.3,0.4,0.5,10,-5,-10a,0,10,Torso,0,-0.2,0,10,-80,-10,0.4,20,0,0.2,0,20,0,-10,0,10,0,0.3,0,20,180,-10,0,10

jump
Head,0,0,0,2,-80,0,0,2,1,0,0,2,0,-20,0.25,4,0,0,0,2,180,20,0.5,4,RightArm,1.4,0,0,2,190,0,0,2,0.8,0.2,0.25,4,-30,5,0.25,4,-0.6,0,0,2,-40,-20,0.25,4,RightLeg,0.45,0,0,2,-20,10,0,4,-1.1,-0.05,0,4,-5,0,0,2,0.5,0,0,2,5,0,0,2,LeftArm,-1.4,0,0,2,190,0,0,2,0.8,-0.3,0.25,4,30,5,0.25,4,-0.6,0,0,2,40,-20,0.25,4,LeftLeg,-0.45,0,0,2,-20,-10,0,4,-1.1,0.05,0,4,5,0,0,2,0.5,0,0,2,-5,0,0,2,Torso,0,0.2,0,4,-70,0,0,2,0.1,0,0,2,0,10,0,4,0.3,0,0,2,180,-20,0,4

fall
Head,0,0,0,4,-120,0,0,4,1,0,0,4,0,-20,0.125,8,0,0,0,4,180,20,0.25,8,RightArm,1.4,0,0,4,190,0,0,4,0.6,0.2,0.125,8,-30,5,0.125,8,-0.8,0,0,4,-40,-20,0.125,8,RightLeg,0.45,0,0,4,40,10,0,8,-1.1,-0.05,0,8,-5,0,0,4,0.5,0,0,4,5,0,0,4,LeftArm,-1.4,0,0,4,190,0,0,4,0.6,-0.3,0.125,8,30,5,0.125,8,-0.8,0,0,4,40,-20,0.125,8,LeftLeg,-0.45,0,0,4,40,-10,0,8,-1.1,0.05,0,8,5,0,0,4,0.5,0,0,4,-5,0,0,4,Torso,0,0.2,0,8,-130,0,0,4,0.1,0,0,4,0,10,0,8,0.3,0,0,4,180,-20,0,8
